WHAT H FOUND BUT N DIDN'T
59    469    484    628    669    772    838    871    915    1060    1128    1235    1238    1240    1453    1568    1609    1645    1776    2021    2089    2097    2237    2277    2595    2597    2689    2796    2807    2856    2900    2922    2943    2944    2947    2974    2977    2984    2990    2991    2992    2993    2994    2995    2996    2997    2998    2999    3000    3001    3002    3003    3004    3005    3006    3007    3008    3009    3010    3011    3012    3013    3014    3015    3038    3048    3126    3146    3215    3234    3278    3279    3281    3283    3284    3285    3286    3287    3288    3341    3342    3368    3390    3402    3403    3477    3520    3563    3588    3614    3626    3648    3649    3650    3669    3722    3723    3724    3725    3726    3727    3728    3729    3730    3731    3732    3733    3734    3735    3736    3737    3762    3763    3764    3765    3766    3767    3768    3769    3770    3771    3772    3773    3774    3775    3776    3782    3826    3827    3830    3831    3832    3833    3834    3835    3836    3837    3838    3839    3840    3841    3842    3849    3854    3855    3863    3867    3868    3869    3913    3915    3917    3918    3919    3920    3921    3922    3924    3925    3926    3927    3928    3929    3930    3931    3932    3933    3934    3935    3936    3937    3938    3939    3940    3941    3942    3943    3944    3945    3946    3947    3960    3961    3973    3975    3988    3992    4000    4001    4012    4020    4021    4054    4068    4072    4084    4087    4113    4130    4135    4172    4174    4175    4176    4177    4178    4179    4191    4205    4273    4286    4294    4301    4302    4361    4406    4424    4447    4456    4457    4458    4459    4460    4461    4462    4463    4464    4465    4466    4467    4468    4469    4470    4471    4472    4473    4474    4475    4476    4477    4478    4479    4480    4481    4482    4483    4484    4485    4486    4487    4488    4489    4490    4491    4492    4493    4494    4495    4496    4497    4498    4499    4500    4501    4502    4503    4504    4505    4506    4507    4533    4534    4560    4566    4631    4632    4659    4660    4726    4794    4857    5140    5194    5217    5268
285
WHAT N FOUND BUT H DIDN'T
222    314    317    336    352    383    408    454    522    584    724    756    846    889    890    1091    1302    1708    1720    1726    1749    1788    1900    1915    2023    2057    2068    2273    2278    2355    2455    2649    2798    3470    3779    4104    4799    4904    4989    5107    5157    5158    5208
43
WHAT H FOUND BUT DIFFERS FROM N
753    1186    1250    1359    1379    1576    1893    2009    2211    2795    4065    4849    5028    5091
14
WHAT N FOUND BUT DIFFERS FROM H
753    1186    1250    1359    1379    1576    1893    2009    2211    2795    4065    4849    5028    5091
14